  0.000000000000000E+000
  -11.965863980239999975196951709222
  -25.873934395511000161604897584766
  -10.297822028119000492552004288882
    0.002867508698946600199236600659
   -0.001099528178363599938485717367
   -0.000522455522316600030376110286
    0.032992565802244584738378563316
   60401320.6648099     
  -11.965863978606208206656447146088
  -25.873934396240553468260259251110
  -10.297822028458821108642951003276
    0.002867508699006723980190480816
   -0.001099528178209828628564270758
   -0.000522455522255120020924668012
    0.032992565802145372433340497764
   183016001.614374     
  -11.965863980225796225909107306506
  -25.873934396392801460251575917937
  -10.297822028480609901635034475476
    0.002867508698839608960451386110
   -0.001099528178387788272113434473
   -0.000522455522323826129435508925
    0.032992565801303691541690454869
   365427990.022100     
  -11.965864022148554823843369376846
  -25.873934382751599514449480921030
  -10.297822021839202477622166043147
    0.002867508696678590634360217493
   -0.001099528182480149053959483929
   -0.000522455523945860667370255648
    0.032992565798425584067121718590
   548443991.636474     
  -11.965864094068759726496864459477
  -25.873934359237921398744219914079
  -10.297822010399812597825075499713
    0.002867508692984122725677664789
   -0.001099528189497614655625867819
   -0.000522455526727538116515958677
    0.032992565793605023449774904520
   1096887983.27295     
  -11.965864427064026642710814485326
  -25.873934253674914174325749627315
  -10.297821958789286966862164263148
    0.002867508675464365379415010437
   -0.001099528222088163838601748701
   -0.000522455539637046864967495630
    0.032992565767702874968136939060
   2742219958.18237     
  -11.965865945702482520118792308494
  -25.873933828194957129653630545363
  -10.297821746337486814582007355057
    0.002867508588586773453366074449
   -0.001099528372386561264270610216
   -0.000522455599019298368157482315
    0.032992565589087079203078900491
