  0.000000000000000E+000
    0.086081200826800000069916052325
    8.332391503350200068211961479392
    3.441685246807700160331933147972
   -0.005877184401299299920662377872
   -0.000048077953809000003313530586
    0.000234400362575200012314052822
    0.110918638806425634557584203321
   366223952.702209     
    0.086081044190345179512036111191
    8.332391505054513203276655985974
    3.441685254289313267150873798528
   -0.005877184400672059473580421951
   -0.000048078096341934710867410674
    0.000234400303611476731185936373
    0.110918638770378705227237503550
   1098671858.10663     
    0.086080313706604016932288914177
    8.332391523033949809473597269971
    3.441685293328521577649325990933
   -0.005877184392492081077552512625
   -0.000048078938805171334220159296
    0.000234399954902835667112925844
    0.110918638468552321896254397871
   2197343716.21325     
    0.086073060174379434350555584388
    8.332391548759490618181189347524
    3.441685617794522311641003398108
   -0.005877184390981186369595778984
   -0.000048084598919316887252403681
    0.000234397614404073745611456481
    0.110918637504406877858365021439
   4394687432.42651     
    0.086042308806678124977196375767
    8.332391638064860828194468922447
    3.441686985200155479702743832604
   -0.005877184394739593149836753838
   -0.000048108244577279863762181433
    0.000234387837185397521471558191
    0.110918633678563333111455335711
