  0.000000000000000E+000
  -11.965863980239999975196951709222
  -25.873934395511000161604897584766
  -10.297822028119000492552004288882
    0.002867508698946600199236600659
   -0.001099528178363599938485717367
   -0.000522455522316600030376110286
    0.032992565802244584738378563316
   60401320.6648099     
  -11.965863984407150155675481073558
  -25.873934393970252187955338740721
  -10.297822027383334742012266360689
    0.002867508698755088028531368138
   -0.001099528178764758862273609452
   -0.000522455522476092783581980150
    0.032992565802159146137739753613
   183016001.614374     
  -11.965864016702589367469045100734
  -25.873934382136656751072223414667
  -10.297822021724501340145252470393
    0.002867508697255237437584440841
   -0.001099528181877774783703483052
   -0.000522455523713583796022175143
    0.032992565801372733536034331792
   365427990.022100     
  -11.965864076220205092226933629718
  -25.873934361436788265109498752281
  -10.297822011749747872499938239343
    0.002867508694352620055023628254
   -0.001099528187648288191091694443
   -0.000522455526004365292808140353
    0.032992565798725739800723033568
   548443991.636474     
  -11.965864129552482353346931631677
  -25.873934344709034860443352954462
  -10.297822003557373093940441322047
    0.002867508691524995635691031026
   -0.001099528192873284408032086290
   -0.000522455528073584437795395807
    0.032992565794386599642429303003
   1096887983.27295     
  -11.965864196343094505436965846457
  -25.873934339896507594858121592551
  -10.297821999907254664208267058711
    0.002867508685975366303222422459
   -0.001099528199896834335450024334
   -0.000522455530811174974001320770
    0.032992565771523568729506337149
   2742219958.18237     
  -11.965864635748086897137909545563
  -25.873934316148979206673175212927
  -10.297821979136505987639793602284
    0.002867508648464859449811470427
   -0.001099528246343577922092271670
   -0.000522455548894088395855961338
    0.032992565612499663574297414925
   4387551933.09179     
  -11.965863295819675116149483073968
  -25.873935103833176185617048759013
  -10.297822335462395670901969424449
    0.002867508673771303889799000331
   -0.001099528126009248832350984060
   -0.000522455500238538971327639793
    0.032992565324656872305375543419
