  -11.9658639802400000000000000000000      
  -25.8739343955110000000000000000000      
  -10.2978220281190000000000000000000      
  2.867508698946600000000000000000000E-0003
 -1.099528178363600000000000000000000E-0003
 -5.224555223166000000000000000000000E-0004
  3.299256580224458693040555841757414E-0002
mass  
 5.14855965009300688753707707003167d-5
1.00000000000000000000000000000000d0
end_integrate  
6.040132066480992496621592477566494781298000d007
1.8301600161437407264763425207026479187332940d008
3.6542799002210004604560634489277293426852900d008
5.4844399163647411869324059696303772614185840d008
1.09688798327294823738648119392607545228387229d009 
2.74221995818237059346620298481518863070968073d009
4.38755193309179294954592477570430180913548917d009