  0.000000000000000E+000
  -16.894580321104001541243633255363
   -6.802790274464999953352162265219
   -2.742015202544000107565125290421
    0.001537100024725500087632856783
   -0.003460060959200999923524033619
   -0.001537841459132899962769513991
    0.054294653825595770579859333793
   365259241.846822     
  -16.894580372025661318957645562477
   -6.802790120465161294305289629847
   -2.742015134345543003746570320800
    0.001537099997099341999046151486
   -0.003460060973910170437073396954
   -0.001537841465187603793088322313
    0.054294653885529439718560240635
   4383110902.16186     
  -16.894580584457532523856571060605
   -6.802783607782311392497831548098
   -2.742012277644894524541996361222
    0.001537099714846180617544568747
   -0.003460061636622573186944373802
   -0.001537841751582509847509627754
    0.054294661656233388080661228514
